0.35114 9.884e-13
0.35128000000000004 9.864e-13
0.35142 9.819e-13
0.35156 9.944e-13
0.3517 1.036e-12
0.35184000000000004 1.06e-12
0.35198 1e-12
0.35212 9.081e-13
0.35226 8.831e-13
0.3524 8.659e-13
0.35254 8.389e-13
0.35268000000000005 8.856e-13
0.35282 9.469e-13
0.35296 9.649e-13
0.3531 1.031e-12
0.35324 1.085e-12
0.35338 1.158e-12
0.35352 1.209e-12
0.35366000000000003 1.204e-12
0.3538 1.166e-12
0.35394000000000003 1.103e-12
0.35408000000000006 1.031e-12
0.35422 1.04e-12
0.35436 1.087e-12
0.35450000000000004 1.146e-12
0.35464 1.189e-12
0.35478000000000004 1.197e-12
0.35492 1.174e-12
0.35506 1.195e-12
0.3552 1.125e-12
0.35534000000000004 1.093e-12
0.35548 1.075e-12
0.35562 1.037e-12
0.35576 9.865001e-13
0.3559 1.037e-12
0.35604 1.061e-12
0.35618000000000005 1.163e-12
0.35632 1.128e-12
0.35646 1.008e-12
0.35660000000000003 9.051e-13
0.35674 8.542e-13
0.35688000000000003 8.567999e-13
0.35702 8.189999e-13
0.35716000000000003 8.561999e-13
0.3573 9.260001e-13
0.35744000000000004 9.963e-13
0.35758 1.044e-12
0.35772 1.029e-12
0.35786 8.966999e-13
0.35800000000000004 8.214999e-13
0.35814 7.79e-13
0.35828000000000004 7.728e-13
0.35842 7.741e-13
0.35856 7.444e-13
0.3587 6.948999e-13
0.35884000000000005 7.980999e-13
0.35898 9.507e-13
0.35912 1.019e-12
0.35926 1.051e-12
0.3594 1.09e-12
0.35954 1.1e-12
0.35968000000000006 1.12e-12
0.35982 1.147e-12
0.35996 1.146e-12
0.36010000000000003 1.14e-12
0.36024 1.115e-12
0.36038000000000003 1.066e-12
0.36052 1.014e-12
0.36066 1.022e-12
0.3608 9.868001e-13
0.36094000000000004 9.487e-13
0.36108 9.464e-13
0.36122 9.731e-13
0.36136 1.001e-12
0.36150000000000004 1.032e-12
0.36164 1.016e-12
0.36178000000000005 9.44e-13
0.36192 9.023e-13
0.36206 9.177001e-13
0.3622 9.736e-13
0.36234000000000005 1.043e-12
0.36248 1.158e-12
0.36262 1.224e-12
0.36276 1.253e-12
0.3629 1.227e-12
0.36304000000000003 1.146e-12
0.36318000000000006 1.014e-12
0.36332 9.495e-13
0.36346 9.572e-13
0.36360000000000003 9.872e-13
0.36374 1.044e-12
0.36388000000000004 1.106e-12
0.36402 1.145e-12
0.36416 1.177e-12
0.3643 1.126e-12
0.36444000000000004 1.062e-12
0.36458 1.024e-12
0.36472 1.004e-12
0.36486 1.002e-12
0.365 1.028e-12
0.36514 1.049e-12
0.36528000000000005 1.137e-12
0.36542 1.221e-12
0.36556 1.253e-12
0.3657 1.27e-12
0.36584000000000005 1.303e-12
0.36598 1.32e-12
0.36612 1.315e-12
0.36626000000000003 1.302e-12
0.3664 1.293e-12
0.36654000000000003 1.297e-12
0.36668000000000006 1.304e-12
0.36682 1.3e-12
0.36696 1.275e-12
0.36710000000000004 1.272e-12
0.36724 1.267e-12
0.36738000000000004 1.269e-12
0.36752 1.322e-12
0.36766 1.349e-12
0.3678 1.257e-12
0.36794000000000004 1.147e-12
0.36808 1.112e-12
0.36822 1.135e-12
0.36836 1.195e-12
0.3685 1.211e-12
0.36864 1.154e-12
0.36878000000000005 1.094e-12
0.36892 1.075e-12
0.36906 1.124e-12
0.36920000000000003 1.214e-12
0.36934 1.282e-12
0.36948000000000003 1.303e-12
0.36962 1.285e-12
0.36976000000000003 1.302e-12
0.3699 1.365e-12
0.37004000000000004 1.392e-12
0.37018 1.371e-12
0.37032 1.348e-12
0.37046 1.262e-12
0.37060000000000004 1.12e-12
0.37074 1.051e-12
0.37088000000000004 1.055e-12
0.37102 1.091e-12
0.37116 1.176e-12
0.3713 1.325e-12
0.37144000000000005 1.434e-12
0.37158 1.451e-12
0.37172 1.422e-12
0.37186 1.335e-12
0.372 1.162e-12
0.37214 1.012e-12
0.37228000000000006 9.983e-13
0.37242 1.068e-12
0.37256 1.197e-12
0.37270000000000003 1.27e-12
0.37284 1.26e-12
0.37298000000000003 1.241e-12
0.37312 1.184e-12
0.37326000000000004 1.088e-12
0.3734 9.759e-13
0.37354000000000004 8.548e-13
0.37368 7.889999e-13
0.37382 8.742999e-13
0.37396 1.028e-12
0.37410000000000004 1.179e-12
0.37424 1.283e-12
0.37438000000000005 1.289e-12
0.37452 1.166e-12
0.37466 9.967e-13
0.3748 9.152e-13
0.37494000000000005 8.739999e-13
0.37508 8.878e-13
0.37522 9.984e-13
0.37536 1.192e-12
0.3755 1.358e-12
0.37564000000000003 1.418e-12
0.37578000000000006 1.341e-12
0.37592 1.192e-12
0.37606 1.137e-12
0.37620000000000003 1.213e-12
0.37634 1.262e-12
0.37648000000000004 1.274e-12
0.37662 1.237e-12
0.37676 1.202e-12
0.3769 1.222e-12
0.37704000000000004 1.268e-12
0.37718 1.305e-12
0.37732 1.383e-12
0.37746 1.465e-12
0.3776 1.504e-12
0.37774 1.53e-12
0.37788000000000005 1.601e-12
0.37802 1.665e-12
0.37816 1.685e-12
0.3783 1.669e-12
0.37844000000000005 1.657e-12
0.37858 1.651e-12
0.37872 1.572e-12
0.37886000000000003 1.469e-12
0.379 1.418e-12
0.37914000000000003 1.42e-12
0.37928000000000006 1.407e-12
0.37942 1.365e-12
0.37956 1.293e-12
0.37970000000000004 1.229e-12
0.37984 1.158e-12
0.37998000000000004 1.182e-12
0.38012 1.317e-12
0.38026 1.457e-12
0.3804 1.58e-12
0.38054000000000004 1.688e-12
0.38068 1.705e-12
0.38082 1.675e-12
0.38096 1.699e-12
0.3811 1.742e-12
0.38124 1.678e-12
0.38138000000000005 1.547e-12
0.38152 1.396e-12
0.38166 1.304e-12
0.38180000000000003 1.268e-12
0.38194 1.259e-12
0.38208000000000003 1.182e-12
0.38222 1.128e-12
0.38236000000000003 1.141e-12
0.3825 1.146e-12
0.38264000000000004 1.055e-12
0.38278 9.717e-13
0.38292 9.609e-13
0.38306 9.455e-13
0.38320000000000004 9.133e-13
0.38334 8.628999e-13
0.38348000000000004 8.482999e-13
0.38362 8.797999e-13
0.38376 8.849e-13
0.3839 8.814999e-13
0.38404000000000005 9.068e-13
0.38418 1.018e-12
0.38432 1.17e-12
0.38446 1.305e-12
0.3846 1.412e-12
0.38474 1.49e-12
0.38488000000000006 1.552e-12
0.38502 1.532e-12
0.38516 1.486e-12
0.38530000000000003 1.465e-12
0.38544 1.464e-12
0.38558000000000003 1.416e-12
0.38572 1.357e-12
0.38586000000000004 1.278e-12
0.386 1.212e-12
0.38614000000000004 1.201e-12
0.38628 1.343e-12
0.38642 1.493e-12
0.38656 1.528e-12
0.38670000000000004 1.495e-12
0.38684 1.47e-12
0.38698000000000005 1.476e-12
0.38712 1.425e-12
0.38726 1.347e-12
0.3874 1.333e-12
0.38754000000000005 1.412e-12
0.38768 1.439e-12
0.38782 1.368e-12
0.38796 1.301e-12
0.3881 1.292e-12
0.38824000000000003 1.302e-12
0.38838000000000006 1.308e-12
0.38852 1.286e-12
0.38866 1.221e-12
0.38880000000000003 1.139e-12
0.38894 1.116e-12
0.38908000000000004 1.19e-12
0.38922 1.283e-12
0.38936 1.351e-12
0.3895 1.377e-12
0.38964000000000004 1.394e-12
0.38978 1.417e-12
0.38992 1.419e-12
0.39006 1.401e-12
0.3902 1.378e-12
0.39034 1.367e-12
0.39048000000000005 1.346e-12
0.39062 1.352e-12
0.39076 1.406e-12
0.3909 1.514e-12
0.39104000000000005 1.578e-12
0.39118 1.607e-12
0.39132 1.645e-12
0.39146000000000003 1.638e-12
0.3916 1.617e-12
0.39174000000000003 1.583e-12
0.39188000000000006 1.505e-12
0.39202 1.419e-12
0.39216 1.34e-12
0.39230000000000004 1.323e-12
0.39244 1.324e-12
0.39258000000000004 1.258e-12
0.39272 1.145e-12
0.39286 9.704e-13
0.393 7.845999e-13
0.39314000000000004 6.430999e-13
0.39328 5.362999e-13
0.39342 2.409e-12
0.39356 4.806998e-13
0.3937 5.879e-13
0.39384 7.357999e-13
0.39398000000000005 8.746999e-13
0.39412 1.01e-12
0.39426 1.101e-12
0.39440000000000003 1.157e-12
0.39454 1.252e-12
0.39468000000000003 1.357e-12
0.39482 1.437e-12
0.39496000000000003 1.496e-12
0.3951 1.538e-12
0.39524000000000004 1.551e-12
0.39538000000000006 1.552e-12
0.39552 1.53e-12
0.39566 1.487e-12
0.39580000000000004 1.457e-12
0.39594 1.439e-12
0.39608000000000004 1.375e-12
0.39622 1.21e-12
0.39636 1.051e-12
0.3965 9.104e-13
0.39664000000000005 7.639e-13
0.39678 6.334e-13
0.39692 5.681999e-13
0.39706 5.976999e-13
0.3972 7.216e-13
0.39734 8.844e-13
0.39748000000000006 1.036e-12
0.39762 1.198e-12
0.39776 1.364e-12
0.39790000000000003 1.515e-12
0.39804 1.618e-12
0.39818000000000003 1.667e-12
0.39832 1.675e-12
0.39846000000000004 1.67e-12
0.3986 1.669e-12
0.39874000000000004 1.702e-12
0.39888 1.743e-12
0.39902 1.782e-12
0.39916 1.812e-12
0.39930000000000004 1.846e-12
0.39944 1.83e-12
0.39958000000000005 1.812e-12
0.39972 1.804e-12
0.39986 1.821e-12
0.4 1.854e-12
0.40014000000000005 1.878e-12
0.40028 1.888e-12
0.40042 1.859e-12
0.40056 1.767e-12
0.4007 1.753e-12
0.40084000000000003 1.787e-12
0.40098000000000006 1.857e-12
0.40112 1.92e-12
0.40126 1.976e-12
0.40140000000000003 1.97e-12
0.40154 1.957e-12
0.40168000000000004 1.919e-12
0.40182 1.884e-12
0.40196 1.918e-12
0.4021 1.944e-12
0.40224000000000004 1.935e-12
0.40238 1.943e-12
0.40252 1.955e-12
0.40266 1.996e-12
0.40280000000000005 2.023e-12
0.40294 1.994e-12
0.40308000000000005 1.903e-12
0.40322 1.846e-12
0.40336 1.832e-12
0.4035 1.843e-12
0.40364000000000005 1.899e-12
0.40378000000000003 1.973e-12
0.40392 2.034e-12
0.40406000000000003 2.06e-12
0.4042 2.026e-12
0.40434000000000003 1.924e-12
0.40448000000000006 1.785e-12
0.40462 1.685e-12
0.40476 1.722e-12
0.40490000000000004 1.88e-12
0.40504 1.991e-12
0.40518000000000004 2.031e-12
0.40532 2.009e-12
0.40546 1.924e-12
0.4056 1.851e-12
0.40574000000000005 1.816e-12
0.40588 1.839e-12
0.40602 1.89e-12
0.40616 1.887e-12
0.4063 1.84e-12
0.40644 1.753e-12
0.40658000000000005 1.804e-12
0.40672 1.841e-12
0.40686 1.867e-12
0.40700000000000003 1.912e-12
0.40714 1.846e-12
0.40728000000000003 1.859e-12
0.40742 1.892e-12
0.40756000000000003 1.903e-12
0.4077 1.828e-12
0.40784000000000004 1.821e-12
0.40798000000000006 1.884e-12
0.40812 1.969e-12
0.40826 2.013e-12
0.40840000000000004 1.958e-12
0.40854 1.941e-12
0.40868000000000004 1.973e-12
0.40882 2.059e-12
0.40896 2.078e-12
0.4091 2.08e-12
0.40924000000000005 2.05e-12
0.40938 1.994e-12
0.40952 1.948e-12
0.4096600000000001 1.912e-12
0.4098 1.851e-12
0.40993999999999997 1.779e-12
0.41008000000000006 1.616e-12
0.41022000000000003 1.517e-12
0.41036000000000006 1.547e-12
0.41050000000000003 1.689e-12
0.41064 1.82e-12
0.41078000000000003 1.903e-12
0.41092 1.943e-12
0.41106000000000004 1.974e-12
0.4112 1.977e-12
0.41134 2.019e-12
0.41148 2.079e-12
0.41162 2.1e-12
0.41176000000000007 2.064e-12
0.41190000000000004 2.042e-12
0.41203999999999996 2.052e-12
0.41218000000000005 2.073e-12
0.41232 2.055e-12
0.41246000000000005 2.043e-12
0.4126 2.044e-12
0.41274 2.041e-12
0.41288 2.026e-12
0.41302 2.018e-12
0.4131600000000001 1.972e-12
0.4133 1.912e-12
0.41344 1.906e-12
0.41358000000000006 1.947e-12
0.41372 2.009e-12
0.41386000000000006 2.077e-12
0.41400000000000003 2.158e-12
0.41414 2.152e-12
0.41428000000000004 2.023e-12
0.41442 1.924e-12
0.41456000000000004 1.931e-12
0.4147 2.012e-12
0.41484 2.061e-12
0.41498 2.057e-12
0.41512 2.046e-12
0.4152600000000001 2.028e-12
0.41540000000000005 1.964e-12
0.41553999999999996 1.905e-12
0.41568000000000005 1.903e-12
0.41582 1.947e-12
0.41596000000000005 1.986e-12
0.4161 2.019e-12
0.41624 2.071e-12
0.41638000000000003 2.12e-12
0.41652 2.137e-12
0.41666000000000003 2.115e-12
0.4168 2.078e-12
0.41694 2.084e-12
0.41708000000000006 2.085e-12
0.41722 1.994e-12
0.41736000000000006 1.898e-12
0.41750000000000004 1.856e-12
0.41764 1.868e-12
0.41778000000000004 1.897e-12
0.41792 1.922e-12
0.41806000000000004 1.946e-12
0.4182 1.923e-12
0.41834 1.897e-12
0.41848 1.925e-12
0.41862 1.942e-12
0.4187600000000001 1.905e-12
0.4189 1.87e-12
0.41903999999999997 1.922e-12
0.41918000000000005 1.969e-12
0.41932 1.991e-12
0.41946000000000006 1.991e-12
0.41960000000000003 1.976e-12
0.41974 1.915e-12
0.41988000000000003 1.853e-12
0.42002 1.847e-12
0.42016000000000003 1.869e-12
0.4203 1.872e-12
0.42044 1.893e-12
0.42058000000000006 1.951e-12
0.42072 1.998e-12
0.42086000000000007 2.003e-12
0.42100000000000004 2.008e-12
0.42113999999999996 2.034e-12
0.42128000000000004 2.057e-12
0.42142 2.067e-12
0.42156000000000005 2.039e-12
0.4217 1.987e-12
0.42184 1.959e-12
0.42198 1.981e-12
0.42212 1.987e-12
0.4222600000000001 1.973e-12
0.4224 1.888e-12
0.42253999999999997 1.737e-12
0.42268000000000006 1.597e-12
0.42282000000000003 1.56e-12
0.42296000000000006 1.711e-12
0.42310000000000003 1.893e-12
0.42324 1.965e-12
0.42338000000000003 1.97e-12
0.42352 1.916e-12
0.42366000000000004 1.867e-12
0.4238 1.849e-12
0.42394 1.87e-12
0.42408 1.929e-12
0.42422 1.963e-12
0.42436000000000007 1.972e-12
0.42450000000000004 1.997e-12
0.42463999999999996 2.01e-12
0.42478000000000005 1.937e-12
0.42492 1.852e-12
0.42506000000000005 1.799e-12
0.4252 1.807e-12
0.42534 1.864e-12
0.42548 1.872e-12
0.42562 1.875e-12
0.4257600000000001 1.901e-12
0.4259 1.922e-12
0.42604 1.831e-12
0.42618000000000006 1.798e-12
0.42632 1.863e-12
0.42646000000000006 1.994e-12
0.42660000000000003 2.003e-12
0.42674 1.97e-12
0.42688000000000004 1.907e-12
0.42702 1.825e-12
0.42716000000000004 1.69e-12
0.4273 1.636e-12
0.42744 1.642e-12
0.42758 1.703e-12
0.42772 1.805e-12
0.4278600000000001 1.874e-12
0.42800000000000005 1.874e-12
0.42813999999999997 1.846e-12
0.42828000000000005 1.862e-12
0.42842 1.845e-12
0.42856000000000005 1.802e-12
0.4287 1.742e-12
0.42884 1.722e-12
0.42898000000000003 1.689e-12
0.42912 1.684e-12
0.42926000000000003 1.707e-12
0.4294 1.712e-12
0.42954 1.715e-12
0.42968000000000006 1.68e-12
0.42982 1.585e-12
0.42996000000000006 1.445e-12
0.43010000000000004 1.365e-12
0.43024 1.339e-12
0.43038000000000004 1.33e-12
0.43052 1.346e-12
0.43066000000000004 1.357e-12
0.4308 1.323e-12
0.43094 1.289e-12
0.43108 1.284e-12
0.43122 1.351e-12
0.4313600000000001 1.492e-12
0.4315 1.666e-12
0.43163999999999997 1.842e-12
0.43178000000000005 1.992e-12
0.43192 2.087e-12
0.43206000000000006 2.101e-12
0.43220000000000003 2.038e-12
0.43234 1.918e-12
0.43248000000000003 1.744e-12
0.43262 1.652e-12
0.43276000000000003 1.698e-12
0.4329 1.859e-12
0.43304 1.984e-12
0.43318000000000006 2.036e-12
0.43332 2.045e-12
0.43346000000000007 2.045e-12
0.43360000000000004 2.029e-12
0.43373999999999996 1.956e-12
0.43388000000000004 1.802e-12
0.43402 1.631e-12
0.43416000000000005 1.508e-12
0.4343 1.57e-12
0.43444 1.719e-12
0.43458 1.855e-12
0.43472 1.966e-12
0.4348600000000001 2.021e-12
0.435 2.061e-12
0.43513999999999997 2.031e-12
0.43528000000000006 1.938e-12
0.43542000000000003 1.9e-12
0.43556000000000006 1.96e-12
0.43570000000000003 2.015e-12
0.43584 2.047e-12
0.43598000000000003 2.076e-12
0.43612 2.095e-12
0.43626000000000004 2.124e-12
0.4364 2.161e-12
0.43654 2.2e-12
0.43668 2.196e-12
0.43682 2.139e-12
0.43696000000000007 2.113e-12
0.43710000000000004 2.111e-12
0.43723999999999996 2.094e-12
0.43738000000000005 2.051e-12
0.43752 1.996e-12
0.43766000000000005 1.968e-12
0.4378 2.008e-12
0.43794 2.059e-12
0.43808 2.053e-12
0.43822 1.957e-12
0.4383600000000001 1.81e-12
0.4385 1.676e-12
0.43864 1.695e-12
0.43878000000000006 1.819e-12
0.43892 1.911e-12
0.43906000000000006 1.976e-12
0.43920000000000003 2.013e-12
0.43934 2.036e-12
0.43948000000000004 2.049e-12
0.43962 2.058e-12
0.43976000000000004 2.12e-12
0.4399 2.155e-12
0.44004 2.099e-12
0.44018 2.032e-12
0.44032 1.993e-12
0.4404600000000001 1.95e-12
0.44060000000000005 1.924e-12
0.44073999999999997 1.954e-12
0.44088000000000005 2.017e-12
0.44102 2.102e-12
0.44116000000000005 2.162e-12
0.4413 2.183e-12
0.44144 2.165e-12
0.44158000000000003 2.105e-12
0.44172 2.088e-12
0.44186000000000003 2.166e-12
0.442 2.25e-12
0.44214 2.295e-12
0.44228000000000006 2.25e-12
0.44242 2.163e-12
0.44256000000000006 2.151e-12
0.44270000000000004 2.188e-12
0.44284 2.217e-12
0.44298000000000004 2.233e-12
0.44312 2.228e-12
0.44326000000000004 2.199e-12
0.4434 2.163e-12
0.44354 2.126e-12
0.44368 2.107e-12
0.44382 2.148e-12
0.4439600000000001 2.199e-12
0.4441 2.211e-12
0.44423999999999997 2.174e-12
0.44438000000000005 2.135e-12
0.44452 2.155e-12
0.44466000000000006 2.182e-12
0.44480000000000003 2.21e-12
0.44494 2.228e-12
0.44508000000000003 2.217e-12
0.44522 2.218e-12
0.44536000000000003 2.18e-12
0.4455 2.081e-12
0.44564 1.997e-12
0.44578000000000007 2.009e-12
0.44592 2.029e-12
0.44606000000000007 2.05e-12
0.44620000000000004 2.08e-12
0.44633999999999996 2.112e-12
0.44648000000000004 2.145e-12
0.44662 2.154e-12
0.44676000000000005 2.168e-12
0.4469 2.204e-12
0.44704 2.213e-12
0.44718 2.238e-12
0.44732 2.267e-12
0.4474600000000001 2.302e-12
0.4476 2.331e-12
0.44773999999999997 2.34e-12
0.44788000000000006 2.289e-12
0.44802000000000003 2.217e-12
0.44816000000000006 2.176e-12
0.44830000000000003 2.168e-12
0.44844 2.168e-12
0.44858000000000003 2.191e-12
0.44872 2.239e-12
0.44886000000000004 2.279e-12
0.449 2.197e-12
0.44914 2.183e-12
0.44928 2.209e-12
0.44942 2.181e-12
0.44956000000000007 2.179e-12
0.44970000000000004 2.214e-12
0.44983999999999996 2.238e-12
0.44998000000000005 2.236e-12
0.45012 2.223e-12
0.45026000000000005 2.245e-12
0.4504 2.35e-12
0.45054 2.409e-12
0.45068 2.401e-12
0.45082 2.318e-12
0.4509600000000001 2.271e-12
0.4511 2.264e-12
0.45124 2.27e-12
0.45138000000000006 2.25e-12
0.45152 2.22e-12
0.45166000000000006 2.2e-12
0.45180000000000003 2.207e-12
0.45194 2.246e-12
0.45208000000000004 2.261e-12
0.45222 2.224e-12
0.45236000000000004 2.199e-12
0.4525 2.155e-12
0.45264 2.106e-12
0.45278 2.059e-12
0.45292 2.013e-12
0.4530600000000001 2.067e-12
0.45320000000000005 2.093e-12
0.45333999999999997 2.077e-12
0.45348000000000005 2.066e-12
0.45362 2.087e-12
0.45376000000000005 2.181e-12
0.4539 2.255e-12
0.45404 2.281e-12
0.45418000000000003 2.26e-12
0.45432 2.236e-12
0.45446000000000003 2.218e-12
0.4546 2.206e-12
0.45474 2.174e-12
0.45488000000000006 2.129e-12
0.45502 2.098e-12
0.45516000000000006 2.151e-12
0.45530000000000004 2.164e-12
0.45544 2.161e-12
0.45558000000000004 2.184e-12
0.45572 2.245e-12
0.45586000000000004 2.298e-12
0.456 2.345e-12
0.45614 2.355e-12
0.45628 2.322e-12
0.45642 2.232e-12
0.4565600000000001 2.216e-12
0.4567 2.279e-12
0.45683999999999997 2.325e-12
0.45698000000000005 2.345e-12
0.45712 2.348e-12
0.45726000000000006 2.358e-12
0.45740000000000003 2.354e-12
0.45754 2.322e-12
0.45768000000000003 2.312e-12
0.45782 2.315e-12
0.45796000000000003 2.281e-12
0.4581 2.241e-12
0.45824 2.214e-12
0.45838000000000007 2.197e-12
0.45852 2.18e-12
0.45866000000000007 2.175e-12
0.45880000000000004 2.234e-12
0.45893999999999996 2.263e-12
0.45908000000000004 2.26e-12
0.45922 2.238e-12
0.45936000000000005 2.208e-12
0.4595 2.226e-12
0.45964 2.212e-12
0.45978 2.197e-12
0.45992 2.226e-12
0.4600600000000001 2.272e-12
0.4602 2.264e-12
0.46033999999999997 2.231e-12
0.46048000000000006 2.226e-12
0.46062000000000003 2.233e-12
0.46076000000000006 2.235e-12
0.46090000000000003 2.281e-12
0.46104 2.3e-12
0.46118000000000003 2.265e-12
0.46132 2.237e-12
0.46146000000000004 2.231e-12
0.4616 2.224e-12
0.46174 2.2e-12
0.46188 2.211e-12
0.46202 2.258e-12
0.46216000000000007 2.309e-12
0.46230000000000004 2.295e-12
0.46243999999999996 2.271e-12
0.46258000000000005 2.284e-12
0.46272 2.298e-12
0.46286000000000005 2.297e-12
0.463 2.273e-12
0.46314 2.249e-12
0.46328 2.197e-12
0.46342 2.185e-12
0.4635600000000001 2.236e-12
0.4637 2.246e-12
0.46384 2.21e-12
0.46398000000000006 2.173e-12
0.46412 2.205e-12
0.46426000000000006 2.263e-12
0.46440000000000003 2.253e-12
0.46454 2.218e-12
0.46468000000000004 2.204e-12
0.46482 2.191e-12
0.46496000000000004 2.163e-12
0.4651 2.166e-12
0.46524 2.178e-12
0.46538 2.175e-12
0.46552 2.178e-12
0.4656600000000001 2.204e-12
0.46580000000000005 2.26e-12
0.46593999999999997 2.328e-12
0.46608000000000005 2.382e-12
0.46622 2.361e-12
0.46636000000000005 2.287e-12
0.4665 2.242e-12
0.46664 2.18e-12
0.46678000000000003 2.128e-12
0.46692 2.13e-12
0.4670600000000001 2.185e-12
0.4672 2.239e-12
0.46734 2.244e-12
0.46748000000000006 2.223e-12
0.46762 2.224e-12
0.46776000000000006 2.263e-12
0.46790000000000004 2.286e-12
0.46804 2.246e-12
0.46818000000000004 2.23e-12
0.46832 2.225e-12
0.46846000000000004 2.243e-12
0.4686 2.265e-12
0.46874 2.271e-12
0.46888 2.245e-12
0.46902 2.208e-12
0.4691600000000001 2.208e-12
0.4693 2.21e-12
0.46943999999999997 2.219e-12
0.46958000000000005 2.283e-12
0.46972 2.252e-12
0.46986000000000006 2.206e-12
0.47000000000000003 2.207e-12
0.47014 2.173e-12
0.47028000000000003 2.122e-12
0.47042 2.099e-12
0.47056000000000003 2.116e-12
0.4707 2.142e-12
0.47084 2.13e-12
0.47098000000000007 2.152e-12
0.47112 2.189e-12
0.47126000000000007 2.225e-12
0.47140000000000004 2.214e-12
0.47153999999999996 2.177e-12
0.47168000000000004 2.186e-12
0.47182 2.242e-12
0.47196000000000005 2.267e-12
0.4721 2.296e-12
0.47224 2.282e-12
0.47238 2.255e-12
0.47252 2.265e-12
0.4726600000000001 2.255e-12
0.4728 2.236e-12
0.47293999999999997 2.225e-12
0.47308000000000006 2.193e-12
0.47322000000000003 2.129e-12
0.47336000000000006 2.165e-12
0.47350000000000003 2.169e-12
0.47364 2.184e-12
0.47378000000000003 2.189e-12
0.47392 2.202e-12
0.47406000000000004 2.204e-12
0.4742 2.243e-12
0.47434 2.273e-12
0.47448000000000007 2.278e-12
0.47462 2.263e-12
0.47476000000000007 2.299e-12
0.47490000000000004 2.307e-12
0.47503999999999996 2.293e-12
0.47518000000000005 2.29e-12
0.47532 2.267e-12
0.47546000000000005 2.241e-12
0.4756 2.188e-12
0.47574 2.198e-12
0.47588 2.226e-12
0.47602 2.272e-12
0.4761600000000001 2.284e-12
0.4763 2.223e-12
0.47644 2.167e-12
0.47658000000000006 2.146e-12
0.47672 2.161e-12
0.47686000000000006 2.203e-12
0.47700000000000004 2.253e-12
0.47714 2.248e-12
0.47728000000000004 2.238e-12
0.47742 2.246e-12
0.47756000000000004 2.279e-12
0.4777 2.3e-12
0.47784 2.324e-12
0.47798 2.287e-12
0.47812 2.275e-12
0.4782600000000001 2.266e-12
0.47840000000000005 2.247e-12
0.47853999999999997 2.219e-12
0.47868000000000005 2.177e-12
0.47882 2.178e-12
0.47896000000000005 2.17e-12
0.4791 2.16e-12
0.47924 2.176e-12
0.47938000000000003 2.231e-12
0.47952 2.292e-12
0.4796600000000001 2.276e-12
0.4798 2.223e-12
0.47994 2.203e-12
0.48008000000000006 2.245e-12
0.48022 2.275e-12
0.48036000000000006 2.249e-12
0.48050000000000004 2.205e-12
0.48064 2.196e-12
0.48078000000000004 2.202e-12
0.48092 2.176e-12
0.48106000000000004 2.192e-12
0.4812 2.231e-12
0.48134 2.266e-12
0.48148 2.296e-12
0.48162 2.323e-12
0.4817600000000001 2.357e-12
0.48190000000000005 2.365e-12
0.48203999999999997 2.307e-12
0.48218000000000005 2.241e-12
0.48232 2.18e-12
0.48246000000000006 2.19e-12
0.48260000000000003 2.207e-12
0.48274 2.201e-12
0.48288000000000003 2.189e-12
0.48302 2.187e-12
0.48316000000000003 2.21e-12
0.4833 2.296e-12
0.48344 2.258e-12
0.48358000000000007 2.236e-12
0.48372 2.236e-12
0.48386000000000007 2.226e-12
0.48400000000000004 2.214e-12
0.48413999999999996 2.193e-12
0.48428000000000004 2.214e-12
0.48442 2.237e-12
0.48456000000000005 2.249e-12
0.4847 2.216e-12
0.48484 2.208e-12
0.48498 2.197e-12
0.48512 2.171e-12
0.4852600000000001 2.218e-12
0.4854 2.148e-12
0.48553999999999997 2.045e-12
0.48568000000000006 2.007e-12
0.48582000000000003 1.976e-12
0.48596000000000006 1.864e-12
0.48610000000000003 1.681e-12
0.48624 1.616e-12
0.48638000000000003 1.684e-12
0.48652 1.806e-12
0.48666000000000004 1.918e-12
0.4868 1.977e-12
0.48694 2.007e-12
0.48708000000000007 2.007e-12
0.48722 1.98e-12
0.48736000000000007 1.992e-12
0.48750000000000004 2.064e-12
0.48763999999999996 2.141e-12
0.48778000000000005 2.132e-12
0.48792 2.097e-12
0.48806000000000005 2.127e-12
0.4882 2.163e-12
0.48834 2.166e-12
0.48848 2.131e-12
0.48862 2.097e-12
0.4887600000000001 2.097e-12
0.4889 2.097e-12
0.48904 2.072e-12
0.48918000000000006 2.029e-12
0.48932000000000003 2.031e-12
0.48946000000000006 2.108e-12
0.48960000000000004 2.192e-12
0.48974 2.256e-12
0.48988000000000004 2.298e-12
0.49002 2.251e-12
0.49016000000000004 2.213e-12
0.4903 2.245e-12
0.49044 2.225e-12
0.49058 2.239e-12
0.49072 2.32e-12
0.4908600000000001 2.325e-12
0.49100000000000005 2.263e-12
0.49113999999999997 2.158e-12
0.49128000000000005 2.138e-12
0.49142 2.166e-12
0.49156000000000005 2.216e-12
0.4917 2.247e-12
0.49184 2.164e-12
0.49198000000000003 2.054e-12
0.49212 1.971e-12
0.4922600000000001 1.942e-12
0.4924 1.956e-12
0.49254 2.017e-12
0.49268000000000006 2.115e-12
0.49282 2.185e-12
0.49296000000000006 2.232e-12
0.49310000000000004 2.274e-12
0.49324 2.302e-12
0.49338000000000004 2.275e-12
0.49352 2.228e-12
0.49366000000000004 2.163e-12
0.4938 2.131e-12
0.49394 2.107e-12
0.49408 2.072e-12
0.49422 2.096e-12
0.4943600000000001 2.176e-12
0.49450000000000005 2.219e-12
0.49463999999999997 2.231e-12
0.49478000000000005 2.236e-12
0.49492 2.222e-12
0.49506000000000006 2.23e-12
0.49520000000000003 2.293e-12
0.49534 2.307e-12
0.49548000000000003 2.243e-12
0.49562 2.189e-12
0.49576000000000003 2.095e-12
0.4959 1.978e-12
0.49604 1.968e-12
0.49618000000000007 2.054e-12
0.49632 2.133e-12
0.49646000000000007 2.203e-12
0.49660000000000004 2.241e-12
0.49674 2.227e-12
0.49688000000000004 2.187e-12
0.49702 2.141e-12
0.49716000000000005 2.129e-12
0.4973 2.158e-12
0.49744 2.182e-12
0.49758 2.182e-12
0.49772 2.191e-12
0.4978600000000001 2.206e-12
0.498 2.146e-12
0.49813999999999997 2.12e-12
0.49828000000000006 2.08e-12
0.49842000000000003 1.998e-12
0.49856000000000006 1.943e-12
0.49870000000000003 1.999e-12
0.49884 2.101e-12
0.49898000000000003 2.159e-12
0.49912 2.19e-12
0.49926000000000004 2.196e-12
0.4994 2.156e-12
0.49954 2.164e-12
0.49968000000000007 2.174e-12
0.49982 2.159e-12
0.49996000000000007 2.159e-12
0.5001 2.137e-12
0.50024 2.141e-12
0.50038 2.153e-12
0.50052 2.103e-12
0.5006600000000001 2.015e-12
0.5008 1.963e-12
0.5009399999999999 1.969e-12
0.5010800000000001 2.047e-12
0.50122 2.095e-12
0.50136 2.06e-12
0.5015000000000001 1.992e-12
0.50164 1.959e-12
0.50178 1.974e-12
0.50192 1.961e-12
0.5020600000000001 1.94e-12
0.5022 1.976e-12
0.50234 2.006e-12
0.50248 2.008e-12
0.50262 2.049e-12
0.5027600000000001 2.085e-12
0.5029 2.084e-12
0.50304 2.084e-12
0.5031800000000001 2.09e-12
0.50332 2.105e-12
0.50346 2.118e-12
0.5036 2.132e-12
0.50374 2.121e-12
0.50388 2.102e-12
0.50402 2.08e-12
0.50416 1.99e-12
0.5043 1.956e-12
0.50444 2.003e-12
0.50458 2.065e-12
0.5047200000000001 2.097e-12
0.5048600000000001 2.125e-12
0.505 2.111e-12
0.50514 2.048e-12
0.5052800000000001 2.058e-12
0.50542 2.06e-12
0.50556 2.074e-12
0.5057 2.129e-12
0.50584 2.141e-12
0.5059800000000001 2.169e-12
0.50612 2.204e-12
0.50626 2.228e-12
0.5064000000000001 2.197e-12
0.50654 2.166e-12
0.50668 2.138e-12
0.50682 2.088e-12
0.5069600000000001 2.09e-12
0.5071 2.153e-12
0.50724 2.188e-12
0.50738 2.14e-12
0.50752 2.098e-12
0.5076600000000001 2.096e-12
0.5078 2.109e-12
0.50794 2.102e-12
0.5080800000000001 2.032e-12
0.50822 1.973e-12
0.50836 2.005e-12
0.5085000000000001 2.07e-12
0.50864 2.123e-12
0.50878 2.164e-12
0.50892 2.195e-12
0.5090600000000001 2.192e-12
0.5092 2.181e-12
0.50934 2.166e-12
0.50948 2.146e-12
0.50962 2.154e-12
0.5097600000000001 2.132e-12
0.5099 2.084e-12
0.5100399999999999 2.061e-12
0.5101800000000001 2.048e-12
0.51032 2.069e-12
0.51046 2.112e-12
0.5106 2.119e-12
0.51074 2.114e-12
0.51088 2.092e-12
0.51102 2.05e-12
0.5111600000000001 2.059e-12
0.5113 2.105e-12
0.51144 2.142e-12
0.51158 2.137e-12
0.51172 2.142e-12
0.5118600000000001 2.17e-12
0.512 2.183e-12
0.51214 2.169e-12
0.5122800000000001 2.145e-12
0.51242 2.145e-12
0.51256 2.095e-12
0.5127 2.034e-12
0.51284 2.032e-12
0.51298 2.04e-12
0.51312 2.045e-12
0.51326 2.091e-12
0.5134000000000001 2.128e-12
0.51354 2.141e-12
0.51368 2.11e-12
0.51382 2.081e-12
0.5139600000000001 2.05e-12
0.5141 1.993e-12
0.51424 1.988e-12
0.5143800000000001 2.034e-12
0.51452 2.048e-12
0.51466 2.059e-12
0.5148 2.069e-12
0.51494 2.082e-12
0.5150800000000001 2.106e-12
0.51522 2.132e-12
0.51536 2.087e-12
0.5155000000000001 2.053e-12
0.51564 2.083e-12
0.51578 2.109e-12
0.51592 2.122e-12
0.5160600000000001 2.118e-12
0.5162 2.076e-12
0.51634 2.026e-12
0.51648 1.983e-12
0.51662 1.904e-12
0.5167600000000001 1.766e-12
0.5169 1.654e-12
0.5170399999999999 1.654e-12
0.5171800000000001 1.682e-12
0.51732 1.658e-12
0.51746 1.668e-12
0.5176000000000001 1.8e-12
0.51774 1.966e-12
0.51788 2.051e-12
0.51802 2.06e-12
0.5181600000000001 2.006e-12
0.5183 1.867e-12
0.51844 1.705e-12
0.51858 1.663e-12
0.51872 1.759e-12
0.5188600000000001 1.91e-12
0.519 1.961e-12
0.5191399999999999 1.952e-12
0.5192800000000001 1.962e-12
0.51942 1.944e-12
0.51956 1.923e-12
0.5197 1.984e-12
0.51984 2.016e-12
0.51998 2.077e-12
0.52012 2.107e-12
0.5202600000000001 2.101e-12
0.5204 2.055e-12
0.52054 2.017e-12
0.52068 1.973e-12
0.5208200000000001 1.931e-12
0.5209600000000001 1.933e-12
0.5211 1.973e-12
0.52124 2.04e-12
0.5213800000000001 2.109e-12
0.52152 2.095e-12
0.52166 2.024e-12
0.5218 2.014e-12
0.52194 2.068e-12
0.52208 2.094e-12
0.52222 2.09e-12
0.52236 2.056e-12
0.5225000000000001 2.033e-12
0.52264 1.987e-12
0.52278 1.92e-12
0.52292 1.918e-12
0.5230600000000001 1.945e-12
0.5232 1.983e-12
0.52334 2.02e-12
0.5234800000000001 2.027e-12
0.52362 2.026e-12
0.5237600000000001 2.049e-12
0.5239 2.101e-12
0.52404 2.124e-12
0.5241800000000001 2.128e-12
0.52432 2.138e-12
0.52446 2.134e-12
0.5246000000000001 2.121e-12
0.52474 2.097e-12
0.52488 2.062e-12
0.52502 2.054e-12
0.5251600000000001 2.043e-12
0.5253 2.036e-12
0.52544 2.036e-12
0.52558 2.048e-12
0.52572 2.07e-12
0.5258600000000001 2.101e-12
0.526 2.108e-12
0.5261399999999999 2.094e-12
0.5262800000000001 2.019e-12
0.52642 1.914e-12
0.52656 1.834e-12
0.5267000000000001 1.778e-12
0.52684 1.782e-12
0.52698 1.816e-12
0.52712 1.791e-12
0.5272600000000001 1.839e-12
0.5274 1.885e-12
0.52754 1.929e-12
0.52768 1.981e-12
0.52782 2.032e-12
0.5279600000000001 2.05e-12
0.5281 2.042e-12
0.52824 2.021e-12
0.5283800000000001 2.002e-12
0.52852 2.001e-12
0.52866 2.027e-12
0.5288 2.058e-12
0.52894 2.097e-12
0.52908 2.118e-12
0.52922 2.146e-12
0.52936 2.153e-12
0.5295 2.131e-12
0.52964 2.108e-12
0.52978 2.055e-12
0.5299200000000001 1.998e-12
0.5300600000000001 2.002e-12
0.5302 2.047e-12
0.53034 2.066e-12
0.5304800000000001 2.078e-12
0.53062 2.101e-12
0.53076 2.122e-12
0.5309 2.126e-12
0.53104 2.107e-12
0.5311800000000001 2.121e-12
0.53132 2.137e-12
0.53146 2.127e-12
0.5316000000000001 2.111e-12
0.53174 2.093e-12
0.53188 2.06e-12
0.53202 2.05e-12
0.5321600000000001 2.067e-12
0.5323 2.068e-12
0.53244 2.02e-12
0.53258 1.98e-12
0.53272 1.941e-12
0.5328600000000001 1.887e-12
0.533 1.849e-12
0.53314 1.936e-12
0.5332800000000001 2.022e-12
0.53342 2.028e-12
0.53356 2.042e-12
0.5337000000000001 2.053e-12
0.53384 2.025e-12
0.53398 1.989e-12
0.53412 1.984e-12
0.5342600000000001 1.997e-12
0.5344 1.998e-12
0.53454 2.017e-12
0.53468 2.022e-12
0.53482 2.025e-12
0.5349600000000001 2.029e-12
0.5351 2.036e-12
0.5352399999999999 2.032e-12
0.5353800000000001 2.037e-12
0.53552 2.082e-12
0.53566 2.13e-12
0.5358 2.133e-12
0.53594 2.11e-12
0.53608 2.12e-12
0.53622 2.115e-12
0.5363600000000001 2.067e-12
0.5365 2.029e-12
0.53664 1.992e-12
0.53678 1.975e-12
0.53692 2e-12
0.5370600000000001 2.004e-12
0.5372 1.986e-12
0.53734 1.989e-12
0.5374800000000001 2.01e-12
0.53762 2.062e-12
0.53776 2.105e-12
0.5379 2.094e-12
0.53804 2.074e-12
0.53818 2.068e-12
0.53832 2.063e-12
0.53846 2.044e-12
0.5386000000000001 2.038e-12
0.53874 2.053e-12
0.53888 2.058e-12
0.53902 2.035e-12
0.5391600000000001 2.003e-12
0.5393 1.987e-12
0.53944 1.992e-12
0.5395800000000001 1.996e-12
0.53972 1.978e-12
0.5398600000000001 1.945e-12
0.54 1.964e-12
0.54014 2.008e-12
0.5402800000000001 2.001e-12
0.54042 1.962e-12
0.54056 1.923e-12
0.5407000000000001 1.93e-12
0.54084 1.957e-12
0.54098 1.988e-12
0.54112 1.996e-12
0.5412600000000001 2.005e-12
0.5414 2.052e-12
0.54154 2.042e-12
0.54168 2.026e-12
0.54182 2.042e-12
0.5419600000000001 2.071e-12
0.5421 2.107e-12
0.5422399999999999 2.104e-12
0.5423800000000001 2.049e-12
0.54252 2.023e-12
0.54266 2.02e-12
0.5428000000000001 2.047e-12
0.54294 2.039e-12
0.54308 2.008e-12
0.54322 2.015e-12
0.5433600000000001 2.026e-12
0.5435 2.009e-12
0.54364 2.01e-12
0.54378 2.033e-12
0.54392 2.079e-12
0.5440600000000001 2.126e-12
0.5442 2.146e-12
0.5443399999999999 2.138e-12
0.5444800000000001 2.083e-12
0.54462 2.008e-12
0.54476 1.957e-12
0.5449 1.936e-12
0.54504 1.98e-12
0.54518 2.082e-12
0.54532 2.126e-12
0.5454600000000001 2.064e-12
0.5456 1.984e-12
0.54574 1.981e-12
0.54588 2.024e-12
0.5460200000000001 2.073e-12
0.5461600000000001 2.096e-12
0.5463 2.088e-12
0.54644 2.047e-12
0.5465800000000001 2.01e-12
0.54672 1.979e-12
0.54686 1.969e-12
0.547 2.015e-12
0.54714 2.042e-12
0.5472800000000001 2.037e-12
0.54742 2.041e-12
0.54756 2.036e-12
0.5477000000000001 1.989e-12
0.54784 1.93e-12
0.54798 1.944e-12
0.54812 1.98e-12
0.5482600000000001 1.99e-12
0.5484 2.015e-12
0.54854 2.04e-12
0.5486800000000001 2.032e-12
0.54882 2.018e-12
0.5489600000000001 2.008e-12
0.5491 1.999e-12
0.54924 2.007e-12
0.5493800000000001 2.022e-12
0.54952 2.039e-12
0.54966 2.063e-12
0.5498000000000001 2.1e-12
0.54994 2.078e-12
0.55008 2.026e-12
0.55022 2.058e-12
0.5503600000000001 2.062e-12
0.5505 2.019e-12
0.55064 1.985e-12
0.55078 1.972e-12
0.55092 1.993e-12
0.5510600000000001 2.024e-12
0.5512 2.022e-12
0.5513399999999999 1.981e-12
0.5514800000000001 1.967e-12
0.55162 1.989e-12
0.55176 2.008e-12
0.5519000000000001 2.031e-12
0.55204 2.068e-12
0.55218 2.095e-12
0.55232 2.058e-12
0.5524600000000001 1.999e-12
0.5526 1.983e-12
0.55274 1.989e-12
0.55288 1.972e-12
0.55302 1.957e-12
0.5531600000000001 1.965e-12
0.5533 1.992e-12
0.55344 1.994e-12
0.5535800000000001 1.974e-12
0.55372 1.969e-12
0.55386 1.994e-12
0.554 1.98e-12
0.55414 1.982e-12
0.55428 2.009e-12
0.55442 2.034e-12
0.55456 2.042e-12
0.5547000000000001 2.038e-12
0.55484 2.04e-12
0.55498 2.069e-12
0.5551200000000001 2.107e-12
0.5552600000000001 2.102e-12
0.5554 2.075e-12
0.55554 2.055e-12
0.5556800000000001 2.038e-12
0.55582 2.009e-12
0.55596 1.985e-12
0.5561 1.986e-12
0.55624 1.993e-12
0.5563800000000001 2e-12
0.55652 2e-12
0.55666 2.01e-12
0.5568000000000001 2.013e-12
0.55694 1.987e-12
0.55708 1.983e-12
0.55722 1.991e-12
0.5573600000000001 1.983e-12
0.5575 1.956e-12
0.55764 1.956e-12
0.55778 1.996e-12
0.55792 2.029e-12
0.5580600000000001 2.02e-12
0.5582 2.011e-12
0.55834 2.013e-12
0.5584800000000001 1.997e-12
0.55862 1.98e-12
0.55876 1.946e-12
0.5589000000000001 1.885e-12
0.55904 1.849e-12
0.55918 1.865e-12
0.55932 1.92e-12
0.5594600000000001 1.965e-12
0.5596 1.968e-12
0.55974 1.967e-12
0.55988 1.953e-12
0.56002 1.924e-12
0.5601600000000001 1.918e-12
0.5603 1.899e-12
0.5604399999999999 1.866e-12
0.5605800000000001 1.876e-12
0.56072 1.936e-12
0.56086 2.004e-12
0.561 2.036e-12
0.56114 2.001e-12
0.56128 2.005e-12
0.56142 2e-12
0.5615600000000001 1.967e-12
0.5617 1.905e-12
0.56184 1.856e-12
0.56198 1.878e-12
0.5621200000000001 1.93e-12
0.5622600000000001 1.973e-12
0.5624 1.962e-12
0.56254 1.953e-12
0.5626800000000001 1.932e-12
0.56282 1.899e-12
0.56296 1.929e-12
0.5631 1.966e-12
0.56324 1.992e-12
0.56338 1.999e-12
0.56352 1.983e-12
0.56366 1.963e-12
0.5638000000000001 1.982e-12
0.56394 2.013e-12
0.56408 1.983e-12
0.56422 1.986e-12
0.5643600000000001 1.986e-12
0.5645 1.962e-12
0.56464 1.961e-12
0.5647800000000001 1.991e-12
0.56492 2.006e-12
0.5650600000000001 1.983e-12
0.5652 1.96e-12
0.56534 1.962e-12
0.5654800000000001 1.958e-12
0.56562 1.943e-12
0.56576 1.929e-12
0.5659000000000001 1.907e-12
0.56604 1.877e-12
0.56618 1.872e-12
0.56632 1.9e-12
0.5664600000000001 1.922e-12
0.5666 1.914e-12
0.56674 1.907e-12
0.56688 1.932e-12
0.56702 1.943e-12
0.5671600000000001 1.945e-12
0.5673 1.947e-12
0.5674399999999999 1.967e-12
0.5675800000000001 1.988e-12
0.56772 1.974e-12
0.56786 1.97e-12
0.5680000000000001 1.987e-12
0.56814 1.992e-12
0.56828 1.972e-12
0.56842 1.939e-12
0.5685600000000001 1.92e-12
0.5687 1.894e-12
0.56884 1.877e-12
0.56898 1.876e-12
0.56912 1.912e-12
0.5692600000000001 1.951e-12
0.5694 1.982e-12
0.56954 1.986e-12
0.5696800000000001 1.968e-12
0.56982 1.962e-12
0.56996 1.962e-12
0.5701 1.949e-12
0.57024 1.915e-12
0.57038 1.89e-12
0.57052 1.905e-12
0.5706600000000001 1.931e-12
0.5708 1.942e-12
0.57094 1.916e-12
0.57108 1.865e-12
0.5712200000000001 1.835e-12
0.5713600000000001 1.849e-12
0.5715 1.885e-12
0.57164 1.904e-12
0.5717800000000001 1.92e-12
0.57192 1.92e-12
0.57206 1.897e-12
0.5722 1.9e-12
0.57234 1.96e-12
0.5724800000000001 2.001e-12
0.57262 1.996e-12
0.57276 1.999e-12
0.5729000000000001 1.991e-12
0.57304 1.972e-12
0.57318 1.976e-12
0.57332 1.987e-12
0.5734600000000001 1.99e-12
0.5736 1.99e-12
0.57374 1.983e-12
0.5738800000000001 1.961e-12
0.57402 1.951e-12
0.5741600000000001 1.96e-12
0.5743 1.967e-12
0.57444 1.965e-12
0.5745800000000001 1.95e-12
0.57472 1.935e-12
0.57486 1.945e-12
0.5750000000000001 1.967e-12
0.57514 1.975e-12
0.57528 1.98e-12
0.57542 1.954e-12
0.5755600000000001 1.919e-12
0.5757 1.905e-12
0.57584 1.906e-12
0.57598 1.904e-12
0.57612 1.929e-12
0.5762600000000001 1.936e-12
0.5764 1.92e-12
0.5765399999999999 1.906e-12
0.5766800000000001 1.929e-12
0.57682 1.946e-12
0.57696 1.957e-12
0.5771000000000001 1.983e-12
0.57724 1.983e-12
0.57738 1.945e-12
0.57752 1.925e-12
0.5776600000000001 1.928e-12
0.5778 1.943e-12
0.57794 1.956e-12
0.57808 1.948e-12
0.57822 1.925e-12
0.5783600000000001 1.912e-12
0.5785 1.896e-12
0.57864 1.879e-12
0.5787800000000001 1.891e-12
0.57892 1.906e-12
0.57906 1.904e-12
0.5792 1.918e-12
0.57934 1.951e-12
0.57948 1.961e-12
0.57962 1.945e-12
0.57976 1.947e-12
0.5799000000000001 1.957e-12
0.58004 1.949e-12
0.58018 1.947e-12
0.5803200000000001 1.968e-12
0.5804600000000001 2.006e-12
0.5806 2.004e-12
0.58074 1.955e-12
0.5808800000000001 1.932e-12
0.58102 1.952e-12
0.58116 1.953e-12
0.5813 1.958e-12
0.58144 1.971e-12
0.5815800000000001 1.965e-12
0.58172 1.956e-12
0.58186 1.937e-12
0.5820000000000001 1.932e-12
0.58214 1.968e-12
0.58228 1.994e-12
0.58242 1.985e-12
0.5825600000000001 1.947e-12
0.5827 1.944e-12
0.58284 1.964e-12
0.58298 1.965e-12
0.58312 1.991e-12
0.5832600000000001 1.986e-12
0.5834 1.971e-12
0.58354 1.968e-12
0.5836800000000001 1.981e-12
0.58382 1.995e-12
0.58396 1.996e-12
0.5841000000000001 1.989e-12
0.58424 1.992e-12
0.58438 1.994e-12
0.58452 1.982e-12
0.5846600000000001 1.967e-12
0.5848 1.945e-12
0.58494 1.932e-12
0.58508 1.928e-12
0.58522 1.921e-12
0.5853600000000001 1.925e-12
0.5855 1.902e-12
0.5856399999999999 1.865e-12
0.5857800000000001 1.854e-12
0.58592 1.879e-12
0.58606 1.893e-12
0.5862 1.92e-12
0.58634 1.934e-12
0.58648 1.942e-12
0.58662 1.975e-12
0.5867600000000001 1.974e-12
0.5869 1.983e-12
0.58704 2.014e-12
0.58718 1.998e-12
0.5873200000000001 1.961e-12
0.5874600000000001 1.968e-12
0.5876 1.985e-12
0.58774 1.941e-12
0.5878800000000001 1.924e-12
0.58802 1.954e-12
0.58816 1.952e-12
0.5883 1.915e-12
0.58844 1.906e-12
0.58858 1.896e-12
0.58872 1.904e-12
0.58886 1.853e-12
0.5890000000000001 1.715e-12
0.58914 1.64e-12
0.58928 1.714e-12
0.58942 1.803e-12
0.5895600000000001 1.783e-12
0.5897 1.712e-12
0.58984 1.736e-12
0.5899800000000001 1.828e-12
0.59012 1.894e-12
0.5902600000000001 1.93e-12
0.5904 1.912e-12
0.59054 1.923e-12
0.5906800000000001 1.953e-12
0.59082 1.963e-12
0.59096 1.949e-12
0.5911000000000001 1.939e-12
0.59124 1.941e-12
0.59138 1.918e-12
0.59152 1.89e-12
0.5916600000000001 1.896e-12
0.5918 1.902e-12
0.59194 1.9e-12
0.59208 1.907e-12
0.59222 1.925e-12
0.5923600000000001 1.938e-12
0.5925 1.918e-12
0.59264 1.889e-12
0.5927800000000001 1.879e-12
0.59292 1.904e-12
0.59306 1.895e-12
0.5932000000000001 1.844e-12
0.59334 1.819e-12
0.59348 1.834e-12
0.59362 1.871e-12
0.5937600000000001 1.9e-12
0.5939 1.907e-12
0.59404 1.91e-12
0.59418 1.903e-12
0.59432 1.874e-12
0.5944600000000001 1.87e-12
0.5946 1.883e-12
0.59474 1.865e-12
0.5948800000000001 1.843e-12
0.59502 1.83e-12
0.59516 1.838e-12
0.5953 1.844e-12
0.59544 1.858e-12
0.59558 1.881e-12
0.59572 1.89e-12
0.5958600000000001 1.89e-12
0.596 1.867e-12
0.59614 1.874e-12
0.59628 1.92e-12
0.5964200000000001 1.91e-12
0.5965600000000001 1.862e-12
0.5967 1.825e-12
0.59684 1.83e-12
0.5969800000000001 1.852e-12
0.59712 1.883e-12
0.59726 1.903e-12
0.5974 1.858e-12
0.59754 1.839e-12
0.5976800000000001 1.842e-12
0.59782 1.819e-12
0.59796 1.801e-12
0.5981000000000001 1.861e-12
0.59824 1.93e-12
0.59838 1.913e-12
0.59852 1.817e-12
0.5986600000000001 1.791e-12
0.5988 1.785e-12
0.59894 1.793e-12
0.5990800000000001 1.829e-12
0.59922 1.872e-12
0.5993600000000001 1.901e-12
0.5995 1.892e-12
0.59964 1.894e-12
0.5997800000000001 1.901e-12
0.59992 1.892e-12
0.60006 1.882e-12
0.6002000000000001 1.871e-12
0.60034 1.84e-12
0.60048 1.834e-12
0.60062 1.839e-12
0.6007600000000001 1.799e-12
0.6009 1.768e-12
0.60104 1.772e-12
0.60118 1.812e-12
0.60132 1.856e-12
0.6014600000000001 1.827e-12
0.6016 1.791e-12
0.6017399999999999 1.798e-12
0.6018800000000001 1.816e-12
0.60202 1.802e-12
0.60216 1.765e-12
0.6023000000000001 1.777e-12
0.60244 1.802e-12
0.60258 1.791e-12
0.60272 1.788e-12
0.6028600000000001 1.787e-12
0.603 1.758e-12
0.60314 1.799e-12
0.60328 1.82e-12
0.60342 1.824e-12
0.6035600000000001 1.866e-12
0.6037 1.837e-12
0.60384 1.812e-12
0.6039800000000001 1.802e-12
0.60412 1.826e-12
0.60426 1.841e-12
0.6044 1.829e-12
0.60454 1.875e-12
0.60468 1.857e-12
0.60482 1.858e-12
0.60496 1.856e-12
0.6051000000000001 1.851e-12
0.60524 1.861e-12
0.60538 1.855e-12
0.6055200000000001 1.839e-12
0.6056600000000001 1.828e-12
0.6058 1.843e-12
0.60594 1.861e-12
0.6060800000000001 1.866e-12
0.60622 1.852e-12
0.60636 1.831e-12
0.6065 1.802e-12
0.60664 1.791e-12
0.6067800000000001 1.803e-12
0.60692 1.81e-12
0.60706 1.825e-12
0.6072000000000001 1.854e-12
0.60734 1.882e-12
0.60748 1.906e-12
0.60762 1.897e-12
0.6077600000000001 1.868e-12
0.6079 1.834e-12
0.60804 1.812e-12
0.60818 1.808e-12
0.60832 1.826e-12
0.6084600000000001 1.822e-12
0.6086 1.808e-12
0.60874 1.808e-12
0.6088800000000001 1.816e-12
0.60902 1.812e-12
0.60916 1.805e-12
0.6093000000000001 1.81e-12
0.60944 1.816e-12
0.60958 1.812e-12
0.60972 1.794e-12
0.6098600000000001 1.775e-12
0.61 1.764e-12
0.61014 1.743e-12
0.61028 1.719e-12
0.61042 1.728e-12
0.6105600000000001 1.762e-12
0.6107 1.783e-12
0.6108399999999999 1.806e-12
0.6109800000000001 1.83e-12
0.61112 1.83e-12
0.61126 1.819e-12
0.6114 1.811e-12
0.61154 1.78e-12
0.61168 1.778e-12
0.61182 1.791e-12
0.6119600000000001 1.793e-12
0.6121 1.784e-12
0.61224 1.766e-12
0.61238 1.776e-12
0.6125200000000001 1.811e-12
0.6126600000000001 1.836e-12
0.6128 1.833e-12
0.61294 1.816e-12
0.6130800000000001 1.805e-12
0.61322 1.796e-12
0.61336 1.81e-12
0.6135 1.805e-12
0.61364 1.751e-12
0.61378 1.694e-12
0.61392 1.706e-12
0.61406 1.751e-12
0.6142000000000001 1.768e-12
0.61434 1.781e-12
0.61448 1.786e-12
0.61462 1.777e-12
0.6147600000000001 1.784e-12
0.6149 1.792e-12
0.61504 1.797e-12
0.6151800000000001 1.808e-12
0.61532 1.812e-12
0.6154600000000001 1.806e-12
0.6156 1.787e-12
0.61574 1.772e-12
0.6158800000000001 1.78e-12
0.61602 1.788e-12
0.61616 1.763e-12
0.6163000000000001 1.73e-12
0.61644 1.72e-12
0.61658 1.731e-12
0.61672 1.741e-12
0.6168600000000001 1.74e-12
0.617 1.726e-12
0.61714 1.732e-12
0.61728 1.773e-12
0.61742 1.8e-12
0.6175600000000001 1.785e-12
0.6177 1.785e-12
0.61784 1.787e-12
0.6179800000000001 1.77e-12
0.61812 1.764e-12
0.61826 1.773e-12
0.6184000000000001 1.77e-12
0.61854 1.782e-12
0.61868 1.788e-12
0.61882 1.801e-12
0.6189600000000001 1.805e-12
0.6191 1.784e-12
0.61924 1.759e-12
0.61938 1.749e-12
0.61952 1.775e-12
0.6196600000000001 1.783e-12
0.6198 1.808e-12
0.61994 1.838e-12
0.6200800000000001 1.84e-12
0.62022 1.825e-12
0.62036 1.822e-12
0.6205 1.826e-12
0.62064 1.811e-12
0.62078 1.801e-12
0.62092 1.821e-12
0.6210600000000001 1.826e-12
0.6212 1.799e-12
0.62134 1.764e-12
0.62148 1.73e-12
0.6216200000000001 1.722e-12
0.6217600000000001 1.739e-12
0.6219 1.753e-12
0.62204 1.744e-12
0.6221800000000001 1.737e-12
0.62232 1.764e-12
0.62246 1.775e-12
0.6226 1.768e-12
0.62274 1.769e-12
0.6228800000000001 1.759e-12
0.62302 1.74e-12
0.62316 1.705e-12
0.6233000000000001 1.696e-12
0.62344 1.72e-12
0.62358 1.751e-12
0.62372 1.763e-12
0.6238600000000001 1.752e-12
0.624 1.743e-12
0.62414 1.755e-12
0.6242800000000001 1.791e-12
0.62442 1.798e-12
0.6245600000000001 1.768e-12
0.6247 1.735e-12
0.62484 1.724e-12
0.6249800000000001 1.753e-12
0.62512 1.77e-12
0.62526 1.765e-12
0.6254000000000001 1.751e-12
0.62554 1.73e-12
0.62568 1.717e-12
0.62582 1.727e-12
0.6259600000000001 1.745e-12
0.6261 1.743e-12
0.62624 1.71e-12
0.62638 1.663e-12
0.62652 1.628e-12
0.6266600000000001 1.648e-12
0.6268 1.72e-12
0.6269399999999999 1.765e-12
0.6270800000000001 1.77e-12
0.62722 1.769e-12
0.62736 1.761e-12
0.6275000000000001 1.759e-12
0.62764 1.748e-12
0.62778 1.711e-12
0.62792 1.669e-12
0.6280600000000001 1.664e-12
0.6282 1.679e-12
0.62834 1.702e-12
0.62848 1.748e-12
0.62862 1.772e-12
0.6287600000000001 1.785e-12
0.6289 1.796e-12
0.62904 1.791e-12
0.6291800000000001 1.776e-12
0.62932 1.745e-12
0.62946 1.717e-12
0.6296 1.754e-12
0.62974 1.788e-12
0.62988 1.772e-12
0.63002 1.724e-12
0.63016 1.721e-12
0.6303000000000001 1.701e-12
0.63044 1.7e-12
0.63058 1.726e-12
0.6307200000000001 1.756e-12
0.6308600000000001 1.763e-12
0.631 1.737e-12
0.63114 1.724e-12
0.6312800000000001 1.722e-12
0.63142 1.707e-12
0.6315600000000001 1.696e-12
0.6317 1.698e-12
0.63184 1.72e-12
0.6319800000000001 1.723e-12
0.63212 1.73e-12
0.63226 1.738e-12
0.6324000000000001 1.72e-12
0.63254 1.725e-12
0.63268 1.74e-12
0.63282 1.762e-12
0.6329600000000001 1.792e-12
0.6331 1.779e-12
0.63324 1.753e-12
0.63338 1.756e-12
0.63352 1.766e-12
0.6336600000000001 1.741e-12
0.6338 1.721e-12
0.63394 1.712e-12
0.6340800000000001 1.72e-12
0.63422 1.738e-12
0.63436 1.758e-12
0.6345000000000001 1.739e-12
0.63464 1.754e-12
0.63478 1.758e-12
0.63492 1.763e-12
0.6350600000000001 1.775e-12
0.6352 1.779e-12
0.63534 1.769e-12
0.63548 1.753e-12
0.63562 1.724e-12
0.6357600000000001 1.703e-12
0.6359 1.715e-12
0.6360399999999999 1.732e-12
0.6361800000000001 1.717e-12
0.63632 1.693e-12
0.63646 1.678e-12
0.6366 1.675e-12
0.63674 1.695e-12
0.63688 1.723e-12
0.63702 1.737e-12
0.6371600000000001 1.74e-12
0.6373 1.743e-12
0.63744 1.744e-12
0.63758 1.739e-12
0.6377200000000001 1.737e-12
0.6378600000000001 1.739e-12
0.638 1.737e-12
0.63814 1.729e-12
0.6382800000000001 1.722e-12
0.63842 1.713e-12
0.63856 1.703e-12
0.6387 1.716e-12
0.63884 1.736e-12
0.6389800000000001 1.745e-12
0.63912 1.73e-12
0.63926 1.704e-12
0.6394000000000001 1.681e-12
0.63954 1.672e-12
0.63968 1.681e-12
0.63982 1.704e-12
0.6399600000000001 1.705e-12
0.6401 1.681e-12
0.64024 1.674e-12
0.6403800000000001 1.69e-12
0.64052 1.709e-12
0.6406600000000001 1.72e-12
0.6408 1.683e-12
0.64094 1.673e-12
0.6410800000000001 1.685e-12
0.64122 1.698e-12
0.64136 1.682e-12
0.6415000000000001 1.69e-12
0.64164 1.697e-12
0.64178 1.704e-12
0.64192 1.705e-12
0.6420600000000001 1.683e-12
0.6422 1.655e-12
0.64234 1.659e-12
0.64248 1.685e-12
0.64262 1.702e-12
0.6427600000000001 1.712e-12
0.6429 1.716e-12
0.64304 1.694e-12
0.6431800000000001 1.669e-12
0.64332 1.671e-12
0.64346 1.687e-12
0.6436000000000001 1.704e-12
0.64374 1.709e-12
0.64388 1.699e-12
0.64402 1.69e-12
0.6441600000000001 1.706e-12
0.6443 1.746e-12
0.64444 1.759e-12
0.64458 1.747e-12
0.64472 1.745e-12
0.6448600000000001 1.73e-12
0.645 1.71e-12
0.64514 1.701e-12
0.6452800000000001 1.708e-12
0.64542 1.72e-12
0.64556 1.714e-12
0.6457 1.697e-12
0.64584 1.696e-12
0.64598 1.717e-12
0.64612 1.717e-12
0.6462600000000001 1.685e-12
0.6464000000000001 1.637e-12
0.64654 1.651e-12
0.64668 1.676e-12
0.6468200000000001 1.697e-12
0.6469600000000001 1.703e-12
0.6471 1.678e-12
0.64724 1.67e-12
0.6473800000000001 1.677e-12
0.64752 1.678e-12
0.64766 1.679e-12
0.6478 1.705e-12
0.64794 1.707e-12
0.6480800000000001 1.702e-12
0.64822 1.706e-12
0.64836 1.702e-12
0.6485000000000001 1.699e-12
0.64864 1.714e-12
0.64878 1.74e-12
0.64892 1.754e-12
0.6490600000000001 1.732e-12
0.6492 1.676e-12
0.64934 1.632e-12
0.6494800000000001 1.615e-12
0.64962 1.613e-12
0.6497600000000001 1.631e-12
0.6499 1.667e-12
0.65004 1.692e-12
0.6501800000000001 1.7e-12
0.65032 1.715e-12
0.65046 1.728e-12
0.6506000000000001 1.731e-12
0.65074 1.729e-12
0.65088 1.746e-12
0.65102 1.751e-12
0.6511600000000001 1.748e-12
0.6513 1.741e-12
0.65144 1.735e-12
0.65158 1.719e-12
0.65172 1.698e-12
0.6518600000000001 1.69e-12
0.652 1.689e-12
0.6521399999999999 1.715e-12
0.6522800000000001 1.723e-12
0.65242 1.716e-12
0.65256 1.718e-12
0.6527000000000001 1.711e-12
0.65284 1.725e-12
0.65298 1.747e-12
0.65312 1.761e-12
0.6532600000000001 1.744e-12
0.6534 1.722e-12
0.65354 1.715e-12
0.65368 1.722e-12
0.6538200000000001 1.736e-12
0.6539600000000001 1.737e-12
0.6541 1.726e-12
0.65424 1.726e-12
0.6543800000000001 1.733e-12
0.65452 1.721e-12
0.65466 1.688e-12
0.6548 1.675e-12
0.65494 1.692e-12
0.65508 1.704e-12
0.65522 1.698e-12
0.65536 1.665e-12
0.6555000000000001 1.627e-12
0.65564 1.595e-12
0.65578 1.584e-12
0.6559200000000001 1.565e-12
0.6560600000000001 1.462e-12
0.6562 1.316e-12
0.65634 1.194e-12
0.6564800000000001 1.183e-12
0.65662 1.366e-12
0.6567600000000001 1.487e-12
0.6569 1.556e-12
0.65704 1.593e-12
0.6571800000000001 1.632e-12
0.65732 1.639e-12
0.65746 1.649e-12
0.6576000000000001 1.652e-12
0.65774 1.673e-12
0.65788 1.709e-12
0.65802 1.711e-12
0.6581600000000001 1.71e-12
0.6583 1.723e-12
0.65844 1.729e-12
0.65858 1.725e-12
0.65872 1.726e-12
0.6588600000000001 1.724e-12
0.659 1.715e-12
0.65914 1.704e-12
0.6592800000000001 1.687e-12
0.65942 1.668e-12
0.65956 1.66e-12
0.6597000000000001 1.67e-12
0.65984 1.691e-12
0.65998 1.714e-12
0.66012 1.726e-12
0.6602600000000001 1.712e-12
0.6604 1.706e-12
0.66054 1.713e-12
0.66068 1.704e-12
0.66082 1.689e-12
0.6609600000000001 1.675e-12
0.6611 1.679e-12
0.66124 1.69e-12
0.6613800000000001 1.696e-12
0.66152 1.701e-12
0.66166 1.694e-12
0.6618 1.677e-12
0.66194 1.68e-12
0.66208 1.689e-12
0.66222 1.706e-12
0.6623600000000001 1.721e-12
0.6625 1.703e-12
0.66264 1.687e-12
0.66278 1.682e-12
0.6629200000000001 1.7e-12
0.6630600000000001 1.678e-12
0.6632 1.657e-12
0.66334 1.652e-12
0.6634800000000001 1.65e-12
0.66362 1.674e-12
0.66376 1.688e-12
0.6639 1.684e-12
0.66404 1.684e-12
0.6641800000000001 1.689e-12
0.66432 1.677e-12
0.66446 1.657e-12
0.6646000000000001 1.637e-12
0.66474 1.622e-12
0.66488 1.63e-12
0.6650200000000001 1.654e-12
0.6651600000000001 1.667e-12
0.6653 1.667e-12
0.66544 1.667e-12
0.6655800000000001 1.673e-12
0.66572 1.673e-12
0.6658600000000001 1.665e-12
0.666 1.649e-12
0.66614 1.635e-12
0.6662800000000001 1.63e-12
0.66642 1.626e-12
0.66656 1.634e-12
0.6667000000000001 1.649e-12
0.66684 1.653e-12
0.66698 1.65e-12
0.66712 1.654e-12
0.6672600000000001 1.664e-12
0.6674 1.659e-12
0.66754 1.655e-12
0.66768 1.645e-12
0.66782 1.637e-12
0.6679600000000001 1.626e-12
0.6681 1.624e-12
0.66824 1.636e-12
0.6683800000000001 1.623e-12
0.66852 1.62e-12
0.66866 1.625e-12
0.6688000000000001 1.617e-12
0.66894 1.611e-12
0.66908 1.621e-12
0.66922 1.627e-12
0.6693600000000001 1.623e-12
0.6695 1.623e-12
0.66964 1.634e-12
0.66978 1.642e-12
0.66992 1.631e-12
0.6700600000000001 1.624e-12
0.6702 1.642e-12
0.67034 1.642e-12
0.6704800000000001 1.627e-12
0.67062 1.617e-12
0.67076 1.608e-12
0.6709 1.608e-12
0.67104 1.617e-12
0.67118 1.625e-12
0.67132 1.619e-12
0.6714600000000001 1.61e-12
0.6716000000000001 1.601e-12
0.67174 1.585e-12
0.67188 1.575e-12
0.6720200000000001 1.586e-12
0.6721600000000001 1.612e-12
0.6723 1.627e-12
0.67244 1.633e-12
0.6725800000000001 1.617e-12
0.67272 1.603e-12
0.67286 1.606e-12
0.673 1.6e-12
0.67314 1.599e-12
0.6732800000000001 1.616e-12
0.67342 1.629e-12
0.67356 1.634e-12
0.6737000000000001 1.634e-12
0.67384 1.632e-12
0.67398 1.634e-12
0.67412 1.621e-12
0.6742600000000001 1.603e-12
0.6744 1.612e-12
0.67454 1.617e-12
0.6746800000000001 1.626e-12
0.67482 1.629e-12
0.6749600000000001 1.604e-12
0.6751 1.589e-12
0.67524 1.595e-12
0.6753800000000001 1.609e-12
0.67552 1.61e-12
0.67566 1.598e-12
0.6758000000000001 1.593e-12
0.67594 1.604e-12
0.67608 1.617e-12
0.67622 1.637e-12
0.6763600000000001 1.64e-12
0.6765 1.627e-12
0.67664 1.604e-12
0.67678 1.572e-12
0.67692 1.569e-12
0.6770600000000001 1.576e-12
0.6772 1.566e-12
0.6773399999999999 1.563e-12
0.6774800000000001 1.575e-12
0.67762 1.595e-12
0.67776 1.6e-12
0.6779000000000001 1.594e-12
0.67804 1.592e-12
0.67818 1.598e-12
0.67832 1.602e-12
0.6784600000000001 1.592e-12
0.6786 1.576e-12
0.67874 1.581e-12
0.67888 1.583e-12
0.6790200000000001 1.597e-12
0.6791600000000001 1.611e-12
0.6793 1.608e-12
0.67944 1.581e-12
0.6795800000000001 1.579e-12
0.67972 1.589e-12
0.67986 1.606e-12
0.68 1.615e-12
0.68014 1.612e-12
0.68028 1.601e-12
0.68042 1.585e-12
0.68056 1.579e-12
0.6807000000000001 1.588e-12
0.68084 1.596e-12
0.68098 1.59e-12
0.6811200000000001 1.586e-12
0.6812600000000001 1.59e-12
0.6814 1.598e-12
0.68154 1.601e-12
0.6816800000000001 1.608e-12
0.68182 1.612e-12
0.6819600000000001 1.597e-12
0.6821 1.571e-12
0.68224 1.56e-12
0.6823800000000001 1.583e-12
0.68252 1.614e-12
0.68266 1.627e-12
0.6828000000000001 1.626e-12
0.68294 1.602e-12
0.68308 1.572e-12
0.68322 1.566e-12
0.6833600000000001 1.577e-12
0.6835 1.584e-12
0.68364 1.577e-12
0.68378 1.582e-12
0.68392 1.581e-12
0.6840600000000001 1.573e-12
0.6842 1.551e-12
0.68434 1.54e-12
0.6844800000000001 1.546e-12
0.68462 1.551e-12
0.68476 1.545e-12
0.6849000000000001 1.553e-12
0.68504 1.553e-12
0.68518 1.566e-12
0.68532 1.585e-12
0.6854600000000001 1.592e-12
0.6856 1.568e-12
0.68574 1.545e-12
0.68588 1.553e-12
0.68602 1.558e-12
0.6861600000000001 1.561e-12
0.6863 1.567e-12
0.68644 1.57e-12
0.6865800000000001 1.544e-12
0.68672 1.456e-12
0.68686 1.301e-12
0.687 1.138e-12
0.68714 1.069e-12
0.68728 1.086e-12
0.68742 1.138e-12
0.6875600000000001 1.191e-12
0.6877 1.233e-12
0.68784 1.267e-12
0.68798 1.309e-12
0.6881200000000001 1.367e-12
0.6882600000000001 1.436e-12
0.6884 1.46e-12
0.68854 1.431e-12
0.6886800000000001 1.409e-12
0.68882 1.387e-12
0.68896 1.353e-12
0.6891 1.333e-12
0.68924 1.358e-12
0.6893800000000001 1.367e-12
0.68952 1.373e-12
0.68966 1.377e-12
0.6898000000000001 1.373e-12
0.68994 1.406e-12
0.69008 1.424e-12
0.6902200000000001 1.422e-12
0.6903600000000001 1.45e-12
0.6905 1.435e-12
0.69064 1.433e-12
0.6907800000000001 1.442e-12
0.69092 1.449e-12
0.6910600000000001 1.434e-12
0.6912 1.477e-12
0.69134 1.499e-12
0.6914800000000001 1.479e-12
0.69162 1.462e-12
0.69176 1.45e-12
0.6919000000000001 1.445e-12
0.69204 1.451e-12
0.69218 1.489e-12
0.69232 1.508e-12
0.6924600000000001 1.495e-12
0.6926 1.483e-12
0.69274 1.499e-12
0.69288 1.511e-12
0.69302 1.514e-12
0.6931600000000001 1.529e-12
0.6933 1.546e-12
0.69344 1.534e-12
0.6935800000000001 1.518e-12
0.69372 1.517e-12
0.69386 1.517e-12
0.6940000000000001 1.519e-12
0.69414 1.525e-12
0.69428 1.537e-12
0.69442 1.54e-12
0.6945600000000001 1.528e-12
0.6947 1.519e-12
0.69484 1.528e-12
0.69498 1.522e-12
0.69512 1.529e-12
0.6952600000000001 1.538e-12
0.6954 1.545e-12
0.69554 1.551e-12
0.6956800000000001 1.536e-12
0.69582 1.512e-12
0.69596 1.504e-12
0.6961 1.512e-12
0.69624 1.53e-12
0.69638 1.561e-12
0.69652 1.578e-12
0.6966600000000001 1.57e-12
0.6968000000000001 1.574e-12
0.69694 1.58e-12
0.69708 1.568e-12
0.6972200000000001 1.543e-12
0.6973600000000001 1.538e-12
0.6975 1.548e-12
0.69764 1.554e-12
0.6977800000000001 1.546e-12
0.69792 1.53e-12
0.6980600000000001 1.521e-12
0.6982 1.54e-12
0.69834 1.566e-12
0.6984800000000001 1.584e-12
0.69862 1.587e-12
0.69876 1.548e-12
0.6989000000000001 1.527e-12
0.69904 1.537e-12
0.69918 1.541e-12
0.69932 1.542e-12
0.6994600000000001 1.542e-12
0.6996 1.546e-12
0.69974 1.546e-12
0.6998800000000001 1.535e-12
0.70002 1.513e-12
0.7001600000000001 1.504e-12
0.7003 1.521e-12
0.70044 1.519e-12
0.7005800000000001 1.505e-12
0.70072 1.497e-12
0.70086 1.526e-12
0.7010000000000001 1.545e-12
0.70114 1.55e-12
0.70128 1.538e-12
0.70142 1.522e-12
0.7015600000000001 1.523e-12
0.7017 1.488e-12
0.70184 1.49e-12
0.70198 1.509e-12
0.70212 1.532e-12
0.7022600000000001 1.52e-12
0.7024 1.506e-12
0.7025399999999999 1.507e-12
0.7026800000000001 1.512e-12
0.70282 1.505e-12
0.70296 1.531e-12
0.7031000000000001 1.548e-12
0.70324 1.559e-12
0.70338 1.546e-12
0.70352 1.529e-12
0.7036600000000001 1.515e-12
0.7038 1.506e-12
0.70394 1.512e-12
0.70408 1.507e-12
0.7042200000000001 1.524e-12
0.7043600000000001 1.536e-12
0.7045 1.527e-12
0.70464 1.517e-12
0.7047800000000001 1.503e-12
0.70492 1.496e-12
0.70506 1.493e-12
0.7052 1.484e-12
0.70534 1.472e-12
0.7054800000000001 1.468e-12
0.70562 1.476e-12
0.70576 1.479e-12
0.7059000000000001 1.486e-12
0.70604 1.499e-12
0.70618 1.502e-12
0.7063200000000001 1.473e-12
0.7064600000000001 1.459e-12
0.7066 1.491e-12
0.70674 1.505e-12
0.7068800000000001 1.5e-12
0.70702 1.492e-12
0.7071600000000001 1.507e-12
0.7073 1.515e-12
0.70744 1.515e-12
0.7075800000000001 1.504e-12
0.70772 1.507e-12
0.70786 1.509e-12
0.7080000000000001 1.517e-12
0.70814 1.509e-12
0.70828 1.507e-12
0.70842 1.506e-12
0.7085600000000001 1.477e-12
0.7087 1.49e-12
0.70884 1.52e-12
0.70898 1.523e-12
0.70912 1.505e-12
0.7092600000000001 1.495e-12
0.7094 1.494e-12
0.70954 1.499e-12
0.7096800000000001 1.504e-12
0.70982 1.506e-12
0.70996 1.493e-12
0.7101000000000001 1.478e-12
0.71024 1.486e-12
0.71038 1.511e-12
0.71052 1.532e-12
0.7106600000000001 1.521e-12
0.7108 1.493e-12
0.71094 1.482e-12
0.71108 1.483e-12
0.71122 1.484e-12
0.7113600000000001 1.487e-12
0.7115 1.505e-12
0.71164 1.516e-12
0.7117800000000001 1.511e-12
0.71192 1.502e-12
0.71206 1.51e-12
0.7122 1.522e-12
0.71234 1.497e-12
0.71248 1.504e-12
0.71262 1.508e-12
0.7127600000000001 1.512e-12
0.7129000000000001 1.509e-12
0.71304 1.509e-12
0.71318 1.51e-12
0.7133200000000001 1.517e-12
0.7134600000000001 1.522e-12
0.7136 1.534e-12
0.71374 1.518e-12
0.7138800000000001 1.502e-12
0.71402 1.508e-12
0.71416 1.519e-12
0.7143 1.523e-12
0.71444 1.499e-12
0.7145800000000001 1.48e-12
0.71472 1.469e-12
0.71486 1.452e-12
0.7150000000000001 1.444e-12
0.71514 1.448e-12
0.71528 1.487e-12
0.7154200000000001 1.511e-12
0.7155600000000001 1.502e-12
0.7157 1.508e-12
0.71584 1.53e-12
0.7159800000000001 1.529e-12
0.71612 1.507e-12
0.7162600000000001 1.481e-12
0.7164 1.447e-12
0.71654 1.415e-12
0.7166800000000001 1.413e-12
0.71682 1.437e-12
0.71696 1.458e-12
0.7171000000000001 1.462e-12
0.71724 1.443e-12
0.71738 1.433e-12
0.71752 1.42e-12
0.7176600000000001 1.4e-12
0.7178 1.424e-12
0.71794 1.45e-12
0.71808 1.428e-12
0.71822 1.385e-12
0.7183600000000001 1.367e-12
0.7185 1.355e-12
0.71864 1.292e-12
0.7187800000000001 1.307e-12
0.71892 1.349e-12
0.71906 1.37e-12
0.7192000000000001 1.344e-12
0.71934 1.337e-12
0.71948 1.377e-12
0.71962 1.399e-12
0.7197600000000001 1.398e-12
0.7199 1.402e-12
0.72004 1.365e-12
0.72018 1.394e-12
0.7203200000000001 1.414e-12
0.7204600000000001 1.409e-12
0.7206 1.411e-12
0.72074 1.41e-12
0.7208800000000001 1.442e-12
0.72102 1.479e-12
0.72116 1.516e-12
0.7213 1.542e-12
0.72144 1.531e-12
0.72158 1.503e-12
0.72172 1.488e-12
0.7218600000000001 1.505e-12
0.7220000000000001 1.517e-12
0.72214 1.485e-12
0.72228 1.448e-12
0.7224200000000001 1.438e-12
0.7225600000000001 1.454e-12
0.7227 1.491e-12
0.72284 1.505e-12
0.7229800000000001 1.495e-12
0.72312 1.458e-12
0.7232600000000001 1.419e-12
0.7234 1.395e-12
0.72354 1.401e-12
0.7236800000000001 1.435e-12
0.72382 1.441e-12
0.72396 1.418e-12
0.7241000000000001 1.394e-12
0.72424 1.416e-12
0.72438 1.41e-12
0.72452 1.439e-12
0.7246600000000001 1.458e-12
0.7248 1.476e-12
0.72494 1.492e-12
0.7250800000000001 1.436e-12
0.72522 1.383e-12
0.7253600000000001 1.392e-12
0.7255 1.441e-12
0.72564 1.469e-12
0.7257800000000001 1.466e-12
0.72592 1.468e-12
0.72606 1.452e-12
0.7262000000000001 1.43e-12
0.72634 1.4e-12
0.72648 1.395e-12
0.72662 1.396e-12
0.7267600000000001 1.414e-12
0.7269 1.429e-12
0.72704 1.418e-12
0.72718 1.405e-12
0.72732 1.397e-12
0.7274600000000001 1.375e-12
0.7276 1.346e-12
0.72774 1.357e-12
0.7278800000000001 1.398e-12
0.72802 1.423e-12
0.72816 1.427e-12
0.7283000000000001 1.433e-12
0.72844 1.437e-12
0.72858 1.419e-12
0.72872 1.415e-12
0.7288600000000001 1.416e-12
0.729 1.389e-12
0.72914 1.335e-12
0.72928 1.35e-12
0.7294200000000001 1.362e-12
0.7295600000000001 1.387e-12
0.7297 1.434e-12
0.72984 1.461e-12
0.7299800000000001 1.457e-12
0.73012 1.419e-12
0.73026 1.386e-12
0.7304 1.375e-12
0.73054 1.377e-12
0.7306800000000001 1.397e-12
0.73082 1.365e-12
0.73096 1.365e-12
0.7311000000000001 1.366e-12
0.73124 1.359e-12
0.73138 1.405e-12
0.7315200000000001 1.445e-12
0.7316600000000001 1.435e-12
0.7318 1.435e-12
0.73194 1.448e-12
0.7320800000000001 1.446e-12
0.73222 1.415e-12
0.7323600000000001 1.395e-12
0.7325 1.409e-12
0.73264 1.431e-12
0.7327800000000001 1.445e-12
0.73292 1.436e-12
0.73306 1.417e-12
0.7332000000000001 1.398e-12
0.73334 1.389e-12
0.73348 1.413e-12
0.73362 1.43e-12
0.7337600000000001 1.431e-12
0.7339 1.432e-12
0.73404 1.445e-12
0.73418 1.463e-12
0.73432 1.45e-12
0.7344600000000001 1.432e-12
0.7346 1.436e-12
0.73474 1.454e-12
0.7348800000000001 1.437e-12
0.73502 1.397e-12
0.73516 1.371e-12
0.7353000000000001 1.372e-12
0.73544 1.386e-12
0.73558 1.39e-12
0.73572 1.39e-12
0.7358600000000001 1.391e-12
0.736 1.397e-12
0.73614 1.399e-12
0.73628 1.414e-12
0.73642 1.405e-12
0.7365600000000001 1.398e-12
0.7367 1.403e-12
0.73684 1.402e-12
0.7369800000000001 1.399e-12
0.73712 1.404e-12
0.73726 1.402e-12
0.7374 1.414e-12
0.73754 1.422e-12
0.73768 1.404e-12
0.73782 1.393e-12
0.7379600000000001 1.397e-12
0.7381000000000001 1.416e-12
0.73824 1.43e-12
0.73838 1.424e-12
0.7385200000000001 1.396e-12
0.7386600000000001 1.365e-12
0.7388 1.352e-12
0.73894 1.334e-12
0.7390800000000001 1.294e-12
0.73922 1.295e-12
0.73936 1.35e-12
0.7395 1.362e-12
0.73964 1.361e-12
0.7397800000000001 1.353e-12
0.73992 1.346e-12
0.74006 1.35e-12
0.7402000000000001 1.363e-12
0.74034 1.388e-12
0.74048 1.39e-12
0.7406200000000001 1.375e-12
0.7407600000000001 1.361e-12
0.7409 1.341e-12
0.74104 1.325e-12
0.7411800000000001 1.321e-12
0.74132 1.344e-12
0.7414600000000001 1.348e-12
0.7416 1.334e-12
0.74174 1.319e-12
0.7418800000000001 1.32e-12
0.74202 1.331e-12
0.74216 1.351e-12
0.7423000000000001 1.362e-12
0.74244 1.348e-12
0.74258 1.338e-12
0.74272 1.344e-12
0.7428600000000001 1.359e-12

